emitter:
    3d: true
    type: point
    emissionAngle: 0.000000
    emissionRange: 360.000000
    emissionVector: [1.000000, 0.000000, 0.000000]
    size: [0.000000, 0.000000, 0.000000]
    life: 1000000000.000000
layer0:
    type: layer
    sprite: "~res:/Gfx/Sparkles/linda_1"
    life: 2.990070
    lifeVariation: 1.000000

    number: 61.000000

    size: [3.323844, 2.990070]

    velocity: 20.000000
    velocityVariation: 5.000000





    colorOverLife: [0.000000, [255, 127, 127, 255], 1.000000, [0, 255, 0, 0]]
    alignToMotion: 0.000000
    startTime: 0.000000
    endTime: 100000000.000000

